0.10102760587,0.0764648466371,0.056494305849,0.0544696267385,0.0701007899242,0.122348740594,0.0546150549508,0.0383037213332,0.0228848392383,0.123649771813,0.0343657288485,0.00529917576173,0.0724905257023,0.0416396392476,0.0742238538918,0.0516217735993
0.0424925197656,0.0458320636501,0.02807704891,0.0414739623105,0.0940799202202,0.0607662152053,0.132223142069,0.0687884975719,0.0880311154746,0.0312087716204,0.0704921743953,0.0318404103547,0.090159151868,0.0855839662788,0.0872957749536,0.00165526535149
0.0609524154154,0.0302412997575,0.0583585970749,0.124398309368,0.021413644916,0.154690690398,0.0292280804712,0.0110088336492,0.0122368963666,0.128823424611,0.133620133639,0.0297128086551,0.120083912456,0.0437716710902,0.0211924317866,0.0202668503465
0.102387972015,0.0210736435435,0.0349911179805,0.0899089494668,0.104225001956,0.103542319476,0.00671718477242,0.0619943796315,0.101716304879,0.0924901482589,0.00995284146464,0.0909720118002,0.039177465256,0.0399604626556,0.00541756776874,0.0954726290754
0.0802470368139,0.076687283468,0.0646719912884,0.132961588896,0.0582512477732,0.0388713973689,0.038572070476,0.128475550814,0.0104308729619,0.0756704693602,0.0276700316154,0.0267579954706,0.0594562363922,0.0172861904256,0.0765815434072,0.0874084934679
0.0826254873513,0.107422117903,0.0369787171927,0.11268896285,0.0660157800377,0.0748059898389,0.0200738608988,0.0744821371097,0.0445672084036,0.0735684139792,0.0316800105701,0.000220829830577,0.0539677060791,0.107658910353,0.0910628040057,0.0221810635962
0.0332832693371,0.0744853489193,0.101206360887,0.0946977150397,0.0732064040926,0.0597506714943,0.0806411717213,0.0453239200082,0.0889711756549,0.0444443466803,0.0876480022363,0.0826738980535,0.072251661143,0.0121058654701,0.0269232467272,0.022386942535
0.0175497312535,0.0784251955696,0.109051716914,0.120478574228,0.0731329422207,0.113588721329,0.0218913924183,0.0888001196528,0.0719238665079,0.00426674498575,0.0836239304961,0.0369465632874,0.0244931949013,0.0248791393423,0.0335588465428,0.0973893203511
0.145227524396,0.102306452064,0.0782045202259,0.0376197754663,0.0168796396066,0.0164649376366,0.0960561375021,0.0922941695502,0.106611147549,0.000372866544305,0.0480458260005,0.110544157354,0.00365266334228,0.0571968337908,0.0189214670539,0.0696018819175
0.094965913674,0.0526986901563,0.104060599436,0.0229628049835,0.0742298628094,0.0363345134486,0.104048169575,0.100054509424,0.0928014426328,0.0400726360723,0.00523402729126,0.0494941473112,0.0185942639269,0.0485161342631,0.0548604091698,0.101071875826
0.0434917513481,0.0504115798985,0.0816922424213,0.108345064758,0.0781876304867,0.0234434954029,0.097530093629,0.0584211804817,0.097414398305,0.00833210933114,0.0966385489023,0.0456462474611,0.0844194007572,0.0629454352391,0.0209351000806,0.0421457214978
0.102546836678,0.0660381838658,0.1023765206,0.0109442722197,0.103385885451,0.0630501045074,0.0234376806101,0.134529633636,0.0611342111095,0.06906908188,0.0235425333407,0.0410907916497,0.052177070396,0.0251698268178,0.0473192368707,0.0741881303685
0.0841778506035,0.106463146358,0.020511142004,0.106595199441,0.0784025649782,0.0937134443751,0.0588230891164,0.065586092652,0.0480581514291,0.000986709346238,0.0528210245117,0.0806094628435,0.0253566199983,0.0089288595104,0.118299900801,0.0506667420317
0.0680403058144,0.0709305731278,0.0736468631442,0.0627460621732,0.0381387163046,0.0922057093935,0.108522326384,0.0307884648794,0.0230727509003,0.0466627926509,0.0764705428386,0.0573708785752,0.0977321986257,0.0296061639294,0.0144169861837,0.109648665075
0.0770307496518,0.0437638427766,0.0652410514706,0.0971353331707,0.0461639756039,0.0303272300755,0.102001836241,0.031993485435,0.0668349738286,0.0489544694782,0.0493590621544,0.0884215308508,0.00782154204678,0.0606590617154,0.0826571456423,0.101634709859
0.104329283959,0.0287401210921,0.036988730232,0.0442097973849,0.0787100981246,0.0132384957936,0.0769904273647,0.0816935874027,0.0259624268976,0.0214250890813,0.113296605319,0.0637848256347,0.0822644424789,0.0170752871331,0.119488331238,0.0918024508633
0.0272462979122,0.135384979704,0.0848446604013,0.0664280092352,0.0208098269528,0.115910712451,0.108281878867,0.00496681354266,0.0636320227096,0.00819588885912,0.113509006901,0.047702381648,0.0742072286442,0.00292004331108,0.0641369209869,0.0618233278745
0.0127575449252,0.0116642032217,0.0645069008641,0.0828891433586,0.124063124467,0.0460944492506,0.0193306017993,0.0935436688942,0.0525567439935,0.08115811537,0.0206218310906,0.116451644837,0.121800230163,0.0773334252807,0.0711010673053,0.00412730517859
0.0405532902343,0.111613290086,0.00800567276539,0.0289829177225,0.112483576627,0.0324325029056,0.0461662696096,0.129527092602,0.129653913499,0.0184550406659,0.026442325289,0.11493821395,0.0146447358246,0.0211654104656,0.0883037352639,0.0766320124882
0.11661600959,0.0738456358201,0.00375828832623,0.154571456402,0.120067794842,0.0330008337929,0.0125092055291,0.0356009477925,0.110483795911,0.0285531039767,0.00527070470066,0.0881724751792,0.0375228384329,0.0855334785281,0.0488512446269,0.04564218655
0.0932874340828,0.041756532385,0.115076697989,0.0374494766059,0.0850921021081,0.111850060793,0.0189096166829,0.0515051493148,0.0376744148505,0.0627846620687,0.0634174805313,0.0294217557469,0.0823862870543,0.074687033688,0.0602719054551,0.0344293906436
0.0332938067637,0.0341660014226,0.097124176279,0.0424818357155,0.0961570514027,0.0759963820562,0.0495611711364,0.0606235192157,0.0740471377908,0.019934960247,0.0756586076841,0.0299854115227,0.0505969283479,0.0756639092494,0.0954138838585,0.0892952173079
0.121388796556,0.10395768637,0.0422944311867,0.1075368938,0.0970024573447,0.00167118172466,0.0698697983739,0.107337497492,0.017936926771,0.011827844121,0.0238913236219,0.0955101902049,0.123838872066,0.0332958678788,0.0398203015799,0.00281993090856
0.0667413589853,0.0191369125544,0.00774179640703,0.0729582574753,0.0531582826503,0.0631941223918,0.0229293114919,0.0615137161675,0.0547825548977,0.130139264257,0.0609912022036,0.0899143495954,0.119062263272,0.0571972240048,0.111437173947,0.00910220969937
0.0110480688617,0.0501590457404,0.0939047301274,0.0617652391293,0.10388059255,0.0437506938399,0.0562387743126,0.0894357509309,0.103002724479,0.0758520589578,0.028155114849,0.008191069436,0.0743525037322,0.077261449031,0.0726243884814,0.0503777955414
0.0761721454823,0.0127262981732,0.0190075269676,0.081345709197,0.0939042846149,0.0604771033043,0.0303555714365,0.0634374635566,0.0853632459301,0.105367097758,0.117804417737,0.0253125743885,0.00686939390421,0.0284108111174,0.0858428837396,0.107603472692
0.0570990967331,0.122422350214,0.06795876568,0.0299355264566,0.0125721369934,0.0353959229708,0.102029942196,0.0381540036397,0.0986651164724,0.0303206737722,0.0797659699361,0.0337722657037,0.0482645503748,0.117846050168,0.0726693029754,0.0531283257126
0.0797070824723,0.0238806999428,0.0432053668381,0.0669689672225,0.0808598625187,0.0851066997788,0.0891810008609,0.0958755330318,0.0747694026146,0.0598034656657,0.0925569888928,0.0185880790675,0.00694433534778,0.0478982977077,0.0941071922443,0.0405470257938
0.10890024052,0.0869156700036,0.0464694939318,0.0416825969948,0.00636160576571,0.112774999489,0.10303846881,0.0394231913652,0.0369142203709,0.10951758268,0.0986439050711,0.0543388503133,0.00474357311812,0.11483645528,0.0109966078336,0.0244425384536
0.0419831784075,0.00981344139562,0.109730864267,0.0788232401015,0.0758784565346,0.0708998561475,0.0681619582359,0.0832939391625,0.0712811036035,0.0113790103677,0.0567103912257,0.0123899828144,0.0654211331823,0.111067610146,0.12245879892,0.0107070354886
0.0601815175357,0.0325285579248,0.0787622623135,0.0370586038088,0.0881773250374,0.101886767762,0.0870152032891,0.0674675180787,0.0840926356415,0.0106264249522,0.0997131922888,0.0343604063155,0.0923467996497,0.0131951622411,0.00740562054961,0.105182002612
0.0777583954422,0.108151741026,0.036949474698,0.0326408871385,0.0402476991544,0.0469557435112,0.118791983092,0.084331609882,0.0755000969879,0.100029741179,0.0532971017604,0.0654130745198,0.107956116064,0.0137545281067,0.0147632847826,0.0234585226549
0.0822544057581,0.000585672261185,0.0330233045247,0.0862013043749,0.0573759571687,0.0286135308805,0.0770132835433,0.0400198654118,0.0350019605938,0.0840476464107,0.128149741667,0.117648939155,0.0525015005328,0.0578349092538,0.0552086826312,0.064519295833
0.0901116374025,0.0938282574048,0.103944021305,0.0583111668405,0.0585421052008,0.000567471805032,0.0142407207961,0.0472812508232,0.0492929941032,0.0967196772355,0.0551334240486,0.0572882054923,0.072335540884,0.0128114682465,0.0887987245274,0.100793333885
0.0865164737748,0.113965498151,0.0149259561477,0.0360058256647,0.0892156258875,0.0014520565374,0.0440376771143,0.0856439339617,0.0760781699678,0.113183485671,0.0824592021456,0.0994915422938,0.00399614857518,0.018348573501,0.0894338948045,0.0452459358026
0.072273011083,0.0720174674138,0.0389754930444,0.110961534931,0.0767399493378,0.0137354798416,0.0942592834005,0.0889972842258,0.0314014157762,0.0925360423973,0.0228222658255,0.00317747585766,0.00392234246136,0.101281601045,0.0845139955401,0.0923853578189
0.0123428332217,0.123381422092,0.0500277385356,0.115106131475,0.0482919976089,0.0523591071761,0.00864589775708,0.117528422416,0.0103403547815,0.0119345191772,0.000342229919964,0.0766050474957,0.0829545177529,0.141754480719,0.036885494519,0.111499805353
0.0187351424323,0.0953376535095,0.0848469460887,0.0675254314134,0.0614774488865,0.0342398038543,0.0914334238651,0.0432418490853,0.103612588328,0.0753588227277,0.0481545156111,0.107553658256,0.0436132547952,0.0567348062183,0.0222972112516,0.0458374436768
0.0810432995828,0.0395973474871,0.0272338065735,0.0248516650589,0.0482593981569,0.0939025409012,0.0773999876914,0.00418912809413,0.126712974737,0.076860465248,0.117329913577,0.0412643294546,0.0533126596028,0.118986580671,0.0523536143928,0.0167022887705
0.0624993723316,0.0192240485737,0.110329566558,0.0858083968471,0.0472362581877,0.0538925721976,0.132963482488,0.058518043842,0.0478695085103,0.1120408424,0.0237488848853,0.0281113130037,0.0196691516172,0.0334463611371,0.118103230848,0.0465389665725
0.0184472963439,0.0938615529218,0.0952730893425,0.0329093741922,0.0688051916933,0.0273833638257,0.0651364861194,0.0643104264806,0.0814481063164,0.087388076713,0.0286925548646,0.107889596085,0.0366318133877,0.0706254121652,0.115222976888,0.00597468266082
0.102269735214,0.103459423996,0.0276329048867,0.0947208414938,0.023164805559,0.129808613607,0.0102156552123,0.111089879233,0.0202621458139,0.0281778092613,0.0119666322908,0.123619385269,0.0248268339942,0.03496016975,0.0463159607533,0.107509203666
0.098647030434,0.0704074989311,0.038955539931,0.0479601503491,0.107879864759,0.0631271432743,0.0495803880785,0.0239811851934,0.0473895530058,0.151475485271,0.0211815722504,0.0380078290056,0.0915219845021,0.0446431503732,0.0499782099863,0.055263414655
0.0934267893868,0.0156969584718,0.0774559105106,0.0673664502947,0.0935253640827,0.120207276052,0.0419702234755,0.0628280894958,0.00077159912422,0.0540024349346,0.0201991742926,0.0433835388888,0.0645744347893,0.0690972414584,0.118798444174,0.0566960705687
0.0188094579505,0.0707601783447,0.087080234746,0.104317063113,0.0670632981534,0.0700671212303,0.0361596016637,0.0135064227568,0.0545129754334,0.0603328195693,0.105401383136,0.0585439506041,0.0868983249131,0.0449306645966,0.0717942765648,0.0498222272247
0.0285399863479,0.0238559297454,0.092106833369,0.047501942091,0.0832612840765,0.0611051691703,0.0992383762632,0.0116279375529,0.0173705525697,0.0670894274588,0.0901188093113,0.0141197575815,0.132273530716,0.143636578781,0.0525479341906,0.0356059507744
0.095433699319,0.0758228902441,0.0944390941349,0.0488027954657,0.0192066987665,0.016242620559,0.0214999492189,0.0531910454795,0.0437295947192,0.0522102820463,0.119472598282,0.0691102890836,0.0251463775543,0.0658897676604,0.121866176188,0.0779361212787
0.0893043457416,0.0419782253913,0.0332819296648,0.0668699349262,0.0167887985715,0.0501379226467,0.106643531882,0.05247223286,0.0768587347686,0.0777675439135,0.083296759625,0.0362411454957,0.0690715188678,0.0162348281253,0.0847745002668,0.0982780472537
0.0139745530159,0.0773662256606,0.0159773678568,0.13038983732,0.0557552067283,0.124038225363,0.103758746547,0.0224869133974,0.13251476687,0.0268713514797,0.124933992219,0.0154423813831,0.0724466995207,0.00335470254139,0.0496133766484,0.0310756534488
0.10623753785,0.0763356032725,0.0162017434387,0.0676337405889,0.0696378742384,0.108202013553,0.00703409633214,0.0990233847242,0.0046439666339,0.0524749873561,0.0943263493024,0.10042076093,0.122842243915,0.00234618008214,0.0490418935634,0.0235976242187
0.000246336673357,0.0575575819887,0.0431510507113,0.0762495605148,0.097781031899,0.130674630786,0.0164420548613,0.0239866321229,0.0597337943807,0.00109258139005,0.111523286186,0.165532321084,0.0498667268482,0.0103282359741,0.122244604504,0.0335895700758
0.0100023894195,0.0478695825328,0.0151451303199,0.109869457479,0.0973054940642,0.0195265438233,0.125503279672,0.0784881080801,0.0212612825006,0.0120103259345,0.0753354770174,0.0841248866954,0.102096580993,0.0907945221654,0.0414820219873,0.0691849173159
0.0972509102302,0.0941739300354,0.0540732810977,0.016079325287,0.0201045720905,0.0434978732494,0.0625948800684,0.0289899170231,0.0866917313393,0.0219331059468,0.139923220065,0.0451739006983,0.125286740051,0.0686974568316,0.0197840840469,0.0757450719394
0.0643900101754,0.0817412685782,0.126702308952,0.0119372506521,0.0939922582988,0.0242640780284,0.063856536233,0.0233398949546,0.0628966306489,0.0975461946972,0.0970587725073,0.146830615277,0.0341259609824,0.00181968416762,0.0213911262851,0.048107409562
0.0322628563691,0.0915496021815,0.129336728685,0.023792815493,0.122255161403,0.132921715909,0.00347323293033,0.089832228294,0.0686054071826,0.0673517231202,0.045172770797,0.0535662803626,0.00333527820315,0.0461462604122,0.0640240572663,0.0263738813913
0.0782685475978,0.0311833339209,0.00311541146923,0.0454935976545,0.0359786562116,0.127774619154,0.130755104046,0.00221951890497,0.0297362050918,0.103953579989,0.00810871290465,0.0747963781362,0.129026156497,0.05777361112,0.103897117178,0.0379194501246
0.0399363273129,0.0414095799139,0.00679844493997,0.165035444842,0.0249257262493,0.151783976862,0.152428829639,0.0667927046153,0.0288364972209,0.0306493615532,0.0913636802615,0.0281921158532,0.0413659233924,0.0375283247589,0.0437490816491,0.0492039809366
0.0742800259936,0.0597506978021,0.101726774615,0.0844128136688,0.0112202603202,0.0186274239544,0.0408633794052,0.0872392376997,0.0849181908376,0.0641634012833,0.0388620610563,0.0235073907502,0.0859144117688,0.0948506930331,0.0243041786382,0.105359059174
0.032795838325,0.0823387095797,0.00760496191845,0.0136962330392,0.0789247148201,0.0443066159085,0.00254046279322,0.0831281875207,0.0510039036193,0.0689676261604,0.0600651619097,0.125543326328,0.00396571962078,0.118916644276,0.109981913585,0.116219980595
0.0537304780452,0.0402646148449,0.101647304945,0.101897416827,0.0824999955324,0.0142204790687,0.0982702018641,0.0397755301586,0.065184620298,0.0582706752947,0.0441125280217,0.0202604144687,0.0977396300127,0.00898976647563,0.0890845819356,0.0840517622074
0.0817692406372,0.073342087398,0.0132721476507,0.12568294027,0.00108733786002,0.0777783629329,0.0922720012163,0.0287504096992,0.0960551081865,0.130104756995,0.122254758147,0.0429238745487,0.0523832686817,0.0260848232054,0.0295062752203,0.00673260735052
0.0635880657083,0.00385470979405,0.0670325402911,0.0898100301075,0.099311931673,0.0321323299728,0.0937551156319,0.0979908480945,0.064694485016,0.0870789089336,0.0561372170821,0.040183444191,0.0110167317477,0.0572948930589,0.12230867333,0.013810075368
0.027838379643,0.0372335758033,0.0781506762072,0.0323736977743,0.0394934280402,0.0415172936096,0.0609452086517,0.0484655556533,0.0818508418271,0.0317199905273,0.111929151197,0.0382544703355,0.0548899109059,0.0732978126357,0.122180906563,0.119859100627
0.0678199536816,0.0570192095861,0.0354456124093,0.0982493351719,0.0684701318055,0.0296627176635,0.0733782118867,0.0962443847474,0.0438077239635,0.0940771909045,0.109591733526,0.0333513829039,0.00339141861453,0.0862219824206,0.0189943083394,0.0842747023757
0.0947660675442,0.0990924423419,0.000313576543396,0.0514090478616,0.0852012340562,0.0427260452883,0.0765178015862,0.00097002607965,0.0869310573265,0.0707127548531,0.0722782675432,0.0958391611673,0.0246856109711,0.0804011920521,0.0257568256727,0.0923988891126
0.103347939858,0.0412647169461,0.0339619652753,0.0180520351624,0.0375740836215,0.100143506771,0.111943740141,0.0131947397047,0.117956408351,0.00463204855781,0.0617940286358,0.00882372918672,0.0323887735136,0.11370192614,0.126325733605,0.07489462453
0.113007215709,0.10020802686,0.00589654475065,0.130371020979,0.0468851069623,0.0453175176781,0.051623273576,0.0223778755644,0.00366675938244,0.118331470279,0.0741814731472,0.00906809023383,0.0973448056927,0.0277659705939,0.122398889387,0.0315559592061
0.0771844179698,0.123821018033,0.0268349289673,0.00977131280748,0.0362728549493,0.14194156716,0.0904825069843,0.00350786715814,0.0360668118728,0.0199525230729,0.00305405099231,0.0791467581206,0.08612653289,0.0412254686137,0.118875964806,0.105735415603
0.036273575159,0.119551515143,0.0151629236233,0.0175982044003,0.071917077249,0.029922907988,0.0917123406586,0.123805828728,0.0374630182141,0.0167736456349,0.107208152574,0.0611736428695,0.0145800689976,0.0722294628995,0.119120780365,0.0655068554961
0.0982608394781,0.00141910400589,0.107175171118,0.100094106425,0.00802992659053,0.0336709569424,0.0641003372289,0.0798456763057,0.0223464068526,0.0774056919074,0.0980395022715,0.0987023375032,0.00477571713762,0.0249462911175,0.0817961172621,0.0993918178536
0.0487855290361,0.0233255963325,0.0665676332215,0.0113160381263,0.0387475376761,0.0050018629313,0.03166533303,0.133319283208,0.10382401284,0.121746670687,0.119700251521,0.00808441564642,0.101433869857,0.0883128887983,0.075446814517,0.0227222625717
0.0182144745988,0.0606081379665,0.00801869633918,0.149746412205,0.0690990746989,0.149368452312,0.0945088588743,0.0409437300736,0.0373906988051,0.0317038845925,0.038839130786,0.0292826393647,0.00588359680169,0.0446941636486,0.125273143706,0.0964249052276
0.109341739231,0.0833464606012,0.0737523765571,0.0609057747567,0.025448623299,0.112963830273,0.00392111782246,0.126922730421,0.000583603618228,0.0221199205186,0.0393375198326,0.0577079662536,0.10844171613,0.0245061887853,0.0520542875428,0.0986461443586
0.000447193845355,0.0362496868964,0.112936048487,0.121828604301,0.00472898543933,0.0738982508457,0.0906403905647,0.0473790378871,0.0596566100633,0.0295243591574,0.0551644165384,0.0770265429329,0.00112607625563,0.124323019826,0.075174866915,0.0898959100451
0.082914385532,0.0814068575955,0.027541127017,0.0333553349607,0.085582317987,0.0245138399646,0.0950896009888,0.0599780037881,0.0713238826286,0.0116168286655,0.00666524499054,0.100412023926,0.10360521188,0.0698496897587,0.0283741919003,0.117771458417
0.114675853106,0.0421862472295,0.0794849216508,0.0816499809889,0.00630285402343,0.115462157782,0.0662915156297,0.0437782217957,0.0548577554501,0.112531279496,0.03249702557,0.0136979076448,0.105945448165,0.0198855328797,0.0972246596937,0.0135286388951
0.0578677568079,0.11138650996,0.000176170113937,0.0832144286172,0.0259059998551,0.138283155086,0.0187096945958,0.058863978843,0.0409394470972,0.0295438996198,0.0463453361941,0.0395653657657,0.0584290365275,0.0900210581947,0.0832314061817,0.11751675654
0.0957387138534,0.00647422376659,0.10269831287,0.0301997730111,0.0210689616756,0.00100266835379,0.0808074878837,0.108157399629,0.110740287515,0.044975450654,0.0613586874579,0.0486817677946,0.0572067246487,0.111904889614,0.0104902321943,0.108494419079
0.0254332775178,0.0376728586862,0.097687684438,0.0660167174289,0.0826767069213,0.0983302545852,0.101524425314,0.0299655553764,0.0208634251872,0.0260371560673,0.00237923736439,0.0547111432048,0.0733059457327,0.0514693413991,0.118839588293,0.113086682484
0.0978220441444,0.0645607436779,0.0811304826383,0.0100922931538,0.111524879307,0.00578247366238,0.0570360014247,0.104441669977,0.0999927789218,0.0643757125558,0.0726383834251,0.0322439484503,0.0441263234466,0.0827224509278,0.00371435863678,0.0677954556501
0.00189950393984,0.105590279607,0.117048226978,0.103269348309,0.0888723065412,0.0237970480372,0.0703879004422,0.0658845946161,0.0392083418076,0.00776604408947,0.0137886355224,0.0456706081597,0.0964023654556,0.0859582621205,0.0714731062108,0.0629834281639
0.147080572749,0.0637531691284,0.120598113991,0.0787255624367,0.0220424023097,0.00386604242856,0.0467092965815,0.0215289961312,0.0805948756141,0.127473588819,0.0473388647843,0.100619500857,0.0373191045571,0.044804777656,0.0385509311403,0.0189942008158
0.00413254927315,0.115399740931,0.0780233194021,0.142577512338,0.0592895573388,0.0573556151888,0.00197641617444,0.0308777905922,0.060807251062,0.138205332885,0.101474325445,0.0473168024301,0.0042507980724,0.0573305156302,0.0501699086177,0.0508125646199
0.130377595499,0.0217694218428,0.132085885131,0.0409350745657,0.0118686053591,0.073254785246,0.00714453427988,0.0824086689403,0.0892757586005,0.00975576766772,0.0169392826302,0.148637906065,0.0115461509106,0.121813254155,0.00376363591082,0.0984236731971
0.0316019471567,0.00946451560038,0.0113770903422,0.12252480625,0.0355772219835,0.097379356547,0.0327142597053,0.146422571614,0.137548391271,0.0615429828415,0.030035780915,0.013329469689,0.0052487210432,0.143555695438,0.119585148421,0.00209204118167
0.0132107165816,0.124297793734,0.00917869586016,0.091373850246,0.106352137948,0.0416719190361,0.0925766476419,0.0804254787913,0.0358973340459,0.0765167347246,0.0525783982915,0.0307112548327,0.034318225445,0.116586992182,0.0862544079201,0.00804941271848
0.121623512739,0.0174175269139,0.0809109167494,0.102742115095,0.108587574261,0.0488007938661,0.0726335035405,0.0225434296587,0.0621997783335,0.0266342348408,0.0288874408173,0.103979693828,0.0305268796797,0.0511219093189,0.0790990429298,0.0422916474278
0.00543232813801,0.0985996060176,0.0758461255109,0.0904254080136,0.065013223867,0.0884861654352,0.0903481291424,0.0508996401092,0.019839331544,0.0561791813026,0.00392143272941,0.03312214253,0.0542424816559,0.0849788727021,0.09975990982,0.0829060214822
0.0782444770675,0.070494702516,0.0153349832688,0.0342428591571,0.0875549312493,0.0491354599326,0.043545538553,0.00534507431751,0.112494523581,0.0628028929847,0.12274609643,0.0650458796607,0.0916856487181,0.0550294959727,0.0249289570271,0.0813684795629
0.0269140479577,0.0811332796113,0.0637034754601,0.000815716319848,0.104226258205,0.107712357235,0.0369379363419,0.0825538637391,0.0229428472129,0.0299164838674,0.132664946915,0.036538264417,0.051430439633,0.0471822749615,0.0834433002254,0.0918845078973
0.0263045187445,0.14873703382,0.0651783364535,0.00530876939824,0.107117156149,0.0990209495884,0.0789640920295,0.137764065554,0.0715742072699,0.0651540261616,0.0436574076406,0.0190111833856,0.0299261709982,0.0167796204165,0.0486140654163,0.0368883969736
0.0639323481105,0.0618044407938,0.0175006315498,0.0739333931646,0.0470924249628,0.112253455345,0.0721622954463,0.00298568704313,0.108050840216,0.0125117329619,0.0126846306006,0.013661023218,0.0709211260156,0.107380077836,0.114308003138,0.108817889598
0.0700401087073,0.0331563789496,0.0807780511759,0.0710243390928,0.0715601283824,0.0823700635214,0.0331306857374,0.0970741350351,0.0395095993087,0.107118616016,0.0253538271165,0.0121925986979,0.114256791019,0.0107954342213,0.0836304881447,0.0680087548739
0.0707351227542,0.138118667814,0.0066589897215,0.0601023569184,0.0592941552445,0.116962083197,0.0312797857334,0.0166405713339,0.10000582339,0.105328189654,0.0148155904289,0.128832878297,0.00788593837042,0.0143319236114,0.0603270846603,0.0686808388707
0.0863271312401,0.00834028269071,0.124333938869,0.0360069505559,0.0919902455369,0.067202160182,0.034314191921,0.0364282131514,0.0189116819835,0.0501868427264,0.0693426353848,0.0841102573353,0.0201214946149,0.0991320562944,0.0800341164144,0.0932178010993
0.053204526416,0.0847442962763,0.0738759030967,0.02622589103,0.115422567498,0.0752229549464,0.077300311878,0.0788565368244,0.0269839028555,0.0305452585389,0.0404713664302,0.0557541351086,0.069292503318,0.0959818897746,0.0855997156755,0.0105182403324
0.028714498344,0.0842123914938,0.055286166122,0.0682787361362,0.0147744248258,0.0960616768909,0.0812363849316,0.0524111266778,0.0786649338116,0.0351726330678,0.0511413197793,0.100703378125,0.0572699026036,0.0939269962316,0.0360104884602,0.0661349424986
0.0733668977447,0.00176860799879,0.0622170044301,0.117948810504,0.0459164778121,0.0383939376329,0.117809828062,0.00536265834367,0.105870322499,0.0821343405413,0.0606141909133,0.103405011691,0.0897987747401,0.0188353373741,0.0284438795308,0.0481139201811
0.00439595033063,0.104078129602,0.0341006659051,0.0481047118387,0.0690475108795,0.0335077174428,0.0598615827977,0.0193816305804,0.0765957716876,0.109530278281,0.0890214689542,0.0543919600971,0.078278175872,0.0289817852913,0.103264096871,0.0874585635687
0.0902581130776,0.0555175939462,0.080592524095,0.0768610919863,0.0019896590765,0.0407376047433,0.0260143734519,0.00312588906416,0.0980055523677,0.0701146549065,0.0769922936296,0.0676417455248,0.0842481515271,0.096500677402,0.0462019708867,0.0851981043146
0.0471003367781,0.0698020247109,0.0595332850589,0.0873485632827,0.0885143612433,0.0291153971791,0.0262731976121,0.00521115945487,0.0116439054671,0.0699219327494,0.0812235214807,0.0885751655849,0.0993833294851,0.0515738955243,0.0854486694821,0.0993312549065
0.067825072099,0.0598179758648,0.100143499148,0.00468878917198,0.0862009778039,0.0482957349546,0.00456761503794,0.0612540657012,0.0929371049642,0.09494686038,0.114779297588,0.0224974803868,0.103101288429,0.0926058758803,0.0154792625736,0.0308591000175
0.0597245200374,0.0610017776588,0.088270699533,0.0165483109211,0.00459030021728,0.106993956462,0.111701993487,0.0255679420042,0.0091539076113,0.100961415485,0.0225528443782,0.0661477676522,0.108894353769,0.0408369693979,0.0700738253702,0.106979416016
0.0322226523802,0.0212388032176,0.0502326560543,0.0220869378079,0.0103810428479,0.116942618677,0.100132059847,0.0551230984599,0.0910031903451,0.0962641048582,0.0802823849879,0.0552876597829,0.0957078333577,0.0127521259051,0.0784415375953,0.0819012938757
0.00133368268577,0.0832416370612,0.118809737578,0.0794648600442,0.00276987501907,0.0528017184996,0.0355304591195,0.10901965543,0.0281466454697,0.0653496966391,0.0485709024767,0.0549844098227,0.0585743178701,0.108135099488,0.104119086041,0.0491482167547
0.0530484359339,0.0124006192872,0.0526331557534,0.0121958561742,0.0398075586795,0.136992344352,0.12451574763,0.091938178183,0.0239603813394,0.059579771601,0.126439372587,0.0294122444678,0.049632141533,0.00293471282303,0.0537694197631,0.130740059893
0.0910845779519,0.0252417732424,0.065384386504,0.117138851063,0.0686147201073,0.0346175320365,0.0950966759675,0.0294383623043,0.071966394875,0.0942949582018,0.0270838053901,0.107613269659,0.0692530435143,0.0722670541616,0.00335973657004,0.0275448584511
0.0769562574371,0.0405485830633,0.0680348279135,0.108973093232,0.098773399336,0.0107066140308,0.111693289634,0.0219608864105,0.0388834243065,0.0265147110952,0.0437334175655,0.0607899718443,0.111924038883,0.0496632034103,0.0407110940301,0.0901331878077
0.118217857108,0.0975610250805,0.105764460725,0.0237714532689,0.0649168616213,0.114916481421,0.0174039679915,0.10659489126,0.0217078083059,0.0192383354666,0.0384396100579,0.0954715320673,0.0616862918788,0.0237049820338,0.0836625072181,0.00694193449436
0.0214292956614,0.0775543003221,0.0641203151663,0.0540210347351,0.0571600661098,0.0909427803058,0.0991676291326,0.0549812013982,0.0572396859535,0.10343907323,0.101283149568,0.082307341812,0.0651738207999,0.00854057189137,0.0315557418739,0.0310839920397
0.0329237490867,0.0552862870529,0.0779327274922,0.0223702356337,0.1031786147,0.0516989545419,0.110108052559,0.0423380915735,0.0943563075495,0.0440603937609,0.051154702137,0.0777677460985,0.107108601142,0.0554140992069,0.0637228726848,0.0105785647811
0.0370171632846,0.057931142642,0.101100868783,0.0177039500076,0.10482739692,0.109560502647,0.0797409489696,0.0395222938943,0.0451079555361,0.0762342459679,0.0024974920392,0.0319860042267,0.106638301701,0.0916569549435,0.0473611429476,0.051113635491
0.105796611958,0.00587110711978,0.0341134119145,0.0834194555213,0.0338232193672,0.0348839209354,0.0155049217814,0.0964033934849,0.0975975766644,0.052686906076,0.00234060150693,0.109081230341,0.0784523316401,0.0891410843232,0.051293197718,0.109591029647
0.109483913209,0.0308843102912,0.00302742405331,0.0979182593289,0.0672923210371,0.0589854486685,0.104105077945,0.00748940443769,0.0383401811975,0.0548861562294,0.0863914303501,0.0850189984815,0.0990318063927,0.0522416504392,0.0525577443622,0.0523458735765
0.0559748748671,0.136798208249,0.0579984840296,0.0172602653502,0.00824737305699,0.150443020336,0.143444648921,0.0528195184809,0.0712350220674,0.00869900916431,0.0974310881918,0.00354681310662,0.0126563402685,0.0257942977889,0.0915367180943,0.066114318027
0.0863971384017,0.0503888825863,0.103974449872,0.0418381310062,0.0850614485737,0.0316879204119,0.103299596868,0.0151562913635,0.0183848597846,0.00230036624687,0.108346531336,0.0820834456646,0.0656575764522,0.104841541361,0.0841733187118,0.0164085013597
0.0554012645519,0.0356441485021,0.0746041345154,0.0470431660743,0.07560163319,0.0149537887616,0.0756627396137,0.0516991768909,0.0659313708782,0.0773372542837,0.0818287912691,0.0370938873433,0.0773625688004,0.0812952555389,0.0676043236761,0.0809364961103
0.0714447534471,0.00482311713255,0.0179864235573,0.0925382003726,0.105556555114,0.127288938304,0.0489711390734,0.0980747247817,0.127221880241,0.0187768550018,0.0184825153919,0.00380992651067,0.0480074669463,0.123966588174,0.0326560116682,0.0603949042838
0.0893795111402,0.0535375027195,0.106685866313,0.0906434317893,0.0702101956587,0.0081709670485,0.0687578368766,0.0372014371834,0.0252684337272,0.086533311458,0.0549737747601,0.0339264257392,0.0532844773946,0.112360727822,0.00573616740167,0.103329932968
0.0679300364276,0.000323671539802,0.0151274421108,0.110297243622,0.0751203870848,0.0519080269066,0.101057776168,0.0734822660685,0.062842721813,0.0790730024679,0.0164985827581,0.0655271655921,0.0731223972478,0.0960361595731,0.0111096844721,0.100543436147
0.0286906212062,0.056484170782,0.0547706425822,0.0569499935653,0.0996328523712,0.0935986491072,0.0561676598887,0.0403914498749,0.115037662604,0.0825435117192,0.0435313752008,0.0371556809373,0.11093239983,0.0050200393979,0.0120807660373,0.107012524896
0.0775249944599,0.0193802917063,0.164256396651,0.0164352155667,0.0120451779078,0.00758833569062,0.0231722097597,0.0182704056635,0.048259644463,0.0247903308669,0.0917918484335,0.152968441125,0.0469832064902,0.149689522521,0.0311470091605,0.115696969534
0.15278685954,0.00252709127025,0.103235186605,0.0309937741635,0.00673893643168,0.0648322492709,0.0403109230002,0.0782123657036,0.0345415303333,0.039955608058,0.0720854937255,0.065406723021,0.165101538969,0.0780074325563,0.00248640523079,0.0627778821209
0.0800979711363,0.0266416490513,0.116323273812,0.00592438721682,0.121314521284,0.029923080201,0.0928257062899,0.0924256449436,0.119651086348,0.0785947776724,0.05512136207,0.044885596453,0.00582880736532,0.0544855645576,0.0140377250315,0.0619188465669
0.0133516462226,0.090296639335,0.0199413717677,0.0406484916333,0.0492883727474,0.0286779796232,0.030304035388,0.131963868725,0.0639036151356,0.127381436335,0.0481600412297,0.0384353932143,0.00978747679617,0.131773845535,0.111078357658,0.0650074286544
0.0565628618273,0.0355229779426,0.109527737324,0.0233026752546,0.0710061114876,0.0988833158568,0.0136223282295,0.0954451892575,0.056984751821,0.0732204027063,0.108375924933,0.0061506573635,0.0608828671575,0.102946342759,0.0184747148799,0.0690911412008
0.0379349112241,0.0248921581615,0.043811054431,0.0718789656704,0.0851276015165,0.083549957283,0.0385246480615,0.0135286863512,0.0330048984698,0.0948887815706,0.0179019335923,0.0906109622708,0.0913400350394,0.0828128031381,0.0909091166259,0.0992834865939
0.0459027718587,0.0102829136636,0.105630881933,0.0541955464418,0.0064319003804,0.104492421558,0.0494817777021,0.055789051065,0.142545517381,0.0226208501237,0.0643981866511,0.0319856567018,0.0729839077768,0.0667829131818,0.0894153141841,0.0770603893972
0.042183432054,0.0641574038967,0.0520859936403,0.0789528409567,0.0979019935535,0.0345669430172,0.020347184321,0.062771273236,0.0612317399245,0.0112457483654,0.117016468074,0.117795292036,0.0521461248576,0.0981906131417,0.0614651783096,0.0279417706158
0.128796006488,0.119982442242,0.0501440322471,0.046470442713,0.085678681709,0.102906660423,0.00673720704453,0.114921656556,0.0356888573531,0.026268870187,0.00904036804948,0.0682796397806,0.0488233421193,0.0399249188009,0.00628088858244,0.110055985704
0.0216132197904,0.0507218700622,0.120483236728,0.0338865521728,0.0203873374996,0.0888206211046,0.139408724492,0.108489873524,0.033397022999,0.104052428513,0.009757177164,0.00706530292896,0.0463164738014,0.0771051378574,0.0243485969889,0.114146424374
0.112298322289,0.0271531729339,0.110083437192,0.0653109639185,0.0493399826802,0.0581365636014,0.0226624980719,0.0555527505497,0.00802832289017,0.00354169722035,0.0996076058593,0.0489016231917,0.00524868908588,0.125527468686,0.0855440203766,0.123062881454
0.110648151242,0.0839725375965,0.0960188591354,0.106519950571,0.0240451052767,0.0331697456403,0.0795444841073,0.024011319423,0.0747620706932,0.110339647075,0.00128626381328,0.101049266351,0.0547095073137,0.0224491005191,0.0669454332289,0.0105285580132
0.0259777706337,0.0458009127372,0.11641546174,0.111392979556,0.0151860944762,0.00603972224386,0.0164348609229,0.0112885688373,0.0971780989264,0.11829182186,0.0920239165836,0.0858635711763,0.120510040545,0.0641207891698,0.0634491807241,0.0100262098685
0.0896480160127,0.0914091212587,0.103055419267,0.0948072778217,0.0837587533133,0.033203600016,0.0317861184441,0.0289201208321,0.022652805659,0.0358434501569,0.011532680551,0.100509220015,0.0841982423392,0.0358546207296,0.0460910619931,0.10672949159
0.0641865534424,0.0979198087426,0.027803108935,0.00658982181649,0.119350223873,0.0271666815769,0.119309987194,0.065210592271,0.0373077678518,0.06197065369,0.0861391171556,0.0787936097308,0.0624335269779,0.0526573676131,0.0817716808781,0.0113894982511
0.000559281352069,0.0951747236148,0.0822113920868,0.0376569809249,0.0609485412859,0.00319231160824,0.163860148224,0.0582917123971,0.00639958948882,0.163952891846,0.0489309298848,0.00454477264838,0.064289759934,0.0972955324864,0.046851006657,0.0658404255609
0.0308777759374,0.122718757246,0.0245469447351,0.0270054161869,0.0126205218856,0.0180351749558,0.0768794875312,0.0558635840008,0.101511851076,0.0826232651318,0.12534018307,0.0348910466632,0.08685700866,0.099883223293,0.0851139652557,0.015231794371
0.0897898134122,0.0144561173155,0.0495522323162,0.0406701110651,0.0320822425447,0.0653212413569,0.107506110612,0.0193746972463,0.112627732368,0.0945297988573,0.0927188850192,0.110697988571,0.0152577362485,0.0908465430184,0.0574510379265,0.0071177121223
0.0151906780615,0.0426508456859,0.0113990199489,0.00325015980395,0.0961232763835,0.0379849563933,0.106837314234,0.107274261611,0.0228137764205,0.115993643365,0.108285813008,0.094305319206,0.0996865225102,0.0731855244477,0.0220229128894,0.042995976031
0.0670105566139,0.106289552563,0.075531332688,0.0672480067163,0.0212044834719,0.0808371151672,0.0855032633063,0.00436561254441,0.0943773561921,0.0818794899312,0.0107023289694,0.0872008632615,0.0310917991094,0.0273770521272,0.0868317176835,0.0725494696545
0.0923829761508,0.0782977320054,0.0879458885839,0.0902071784878,0.0273448280205,0.0586373612646,0.0736078832187,0.00693543813989,0.0638609900925,0.0664726726611,0.0879239694909,0.0165016887254,0.042032149677,0.0483363862668,0.0760419035028,0.0834709537121
0.0762737516569,0.0779964421188,0.0915858731315,0.0746960239695,0.031970100588,0.0618791312896,0.00958347960635,0.079523074942,0.0413968733757,0.0964735402626,0.0783209064739,0.0502067125865,0.0437614599099,0.0422866636046,0.0418055979043,0.10224036858
0.0358108393487,0.0105181892241,0.0996159758704,0.104237724712,0.0575257038817,0.0731069986353,0.0742358460717,0.11869168746,0.0781295912453,0.00738960813703,0.0628663491883,0.137306641458,0.0721858714672,0.0125556327553,0.00115588392973,0.0546674566151
0.101838311628,0.0669395357712,0.0397092352064,0.08769529203,0.0565392258312,0.0625088665906,0.0340186455053,0.0556065816493,0.0998317863656,0.103497527143,0.0149171220467,0.0218994874657,0.0763855860292,0.123851809905,0.0486669502118,0.00609403662109
0.00166262162226,0.134417812159,0.00801067062756,0.0527036871911,0.15799052969,0.0746542126335,0.0586829772688,0.0802034410963,0.00283259263502,0.0157742969573,0.0548462118081,0.14905805343,0.0411405909796,0.0711101792621,0.0797091407123,0.0172029819271
0.0353469411642,0.0156528097068,0.00178227628377,0.0906088551275,0.0614712702771,0.0691653434467,0.108473039924,0.0953375880873,0.000376140927835,0.103723856645,0.0875758218372,0.0696426802114,0.0862913939839,0.0940981806353,0.0789400459492,0.00151375579296
0.0242538540719,0.0624963963611,0.0524295503682,0.090904927051,0.0328725000812,0.0338545004714,0.0123615202949,0.0971218541538,0.0867298015412,0.10491733682,0.0274813606491,0.0554089714721,0.0622901109016,0.0790907555221,0.0849323603279,0.0928541999127
0.0594947908269,0.0815194386525,0.00639802272518,0.0724184004399,0.0421079243569,0.108772589229,5.222815998e-05,0.0505068915334,0.0435510814114,0.0899720601302,0.0727232333446,0.0860420185351,0.107561494106,0.0956480492388,0.0569166404749,0.0263151368354
0.106220607141,0.0228035281125,0.0766462332631,0.0505301604292,0.0187978721909,0.0672464487358,0.0546947476165,0.0840744308325,0.0966186780743,0.00887814241944,0.011934539155,0.115216472547,0.00671797286395,0.120509870442,0.0776575308043,0.0814527653723
0.149180876631,0.000825032507152,0.037550991268,0.0338756516485,0.0297067140859,0.145572940475,0.0599721686088,0.137989507442,0.00352839406508,0.0624654464861,0.0882156171509,0.0323018193547,0.0246647251122,0.138988819812,0.00794614327942,0.0472151520734
0.129720084183,0.071553558948,0.104559285687,0.0431207655332,0.0284564446864,0.0472293229389,0.0237228090368,0.110918323782,0.0939595234782,0.0132453185988,0.0470863624985,0.0490470861419,0.0484847991256,0.142035965667,0.0371797543494,0.00968059534432
0.0513295010945,0.083733423336,0.101603143413,0.0697167123296,0.0313420803927,0.0349283669701,0.0932490497578,0.0789353143652,0.0114877076896,0.093781130782,0.0893423049045,0.0603034657278,0.014024622214,0.0344205053786,0.0581389369019,0.0936637347425
0.0562526315177,0.110962638777,0.0553410100312,0.0239085087424,0.119286371231,0.00422685779026,0.0409410375335,0.123214963616,0.101905777748,0.0289858327592,0.0406021428158,0.0136856394475,0.0880438680886,0.101399649133,0.0136100310527,0.077633039717
0.0346317094341,0.0157710382622,0.0471463546917,0.0392548142069,0.0887587163641,0.104317360809,0.0613586424211,0.0672607912948,0.0889674749079,0.0804253438446,0.0977985478247,0.0421543025682,0.0632944803824,0.0454695630169,0.0333887669368,0.0900020930348
0.118420307527,0.072326598381,0.0233622690453,0.021233408073,0.0854898018313,0.0116695987738,0.108663594059,0.0761160150601,0.0428098856188,0.0255308099409,0.028442171459,0.0551407048222,0.131954671899,0.120143056547,0.0231431789489,0.0555539280132
0.104666834776,0.125667356586,0.0970737326688,0.0734541609142,0.0797737547199,0.0134482271318,0.028850089834,0.089955282616,0.056989674685,0.032313945568,0.0777318110966,0.0267449557104,0.037740384518,0.024795269168,0.0949517970878,0.0358427229194
0.114767336896,0.0828028309075,0.0778012120896,0.0439958930786,0.0986869961925,0.0743112346864,0.0272772009998,0.00511898245448,0.0230435082219,0.0573438041989,0.0552509380304,0.0962049509321,0.0173160244653,0.0591900856051,0.0887515154574,0.0781374857839
